19891114 11076
19891115 11237
19891116 11431
19891117 11662
19891118 11923
19891119 12205
19891120 12499
19891121 12798
19891122 13093
19891123 13375
19891124 13642
19891125 13910
19891126 14199
19891127 14531
19891128 14928
19891129 15410
19891130 16000
19891201 16711
19891202 17539
19891203 18470
19891204 19492
19891205 20593
19891206 21760
19891207 22981
19891208 24242
19891209 25524
19891210 26810
19891211 28078
19891212 29311
19891213 30487
19891214 31587
19891215 32593
19891216 33481
19891217 34228
19891218 34813
19891219 35211
19891220 35401
19891221 35359
19891222 35076
19891223 34585
19891224 33935
19891225 33174
19891226 32349
19891227 31507
19891228 30696
19891229 29956
19891230 29294
19891231 28709
19900101 28201
19900102 27769
19900103 27413
19900104 27131
19900105 26920
19900106 26754
19900107 26604
19900108 26441
19900109 26235
19900110 25957
19900111 25578
19900112 25078
19900113 24469
19900114 23772
19900115 23011
19900116 22206
19900117 21379
19900118 20553
19900119 19746
19900120 18976
19900121 18256
19900122 17600
19900123 17024
19900124 16541
19900125 16165
19900126 15906
19900127 15747
19900128 15665
19900129 15638
19900130 15645
19900131 15662
19900201 15667
19900202 15644
19900203 15594
19900204 15523
19900205 15438
19900206 15347
19900207 15255
19900208 15169
19900209 15094
19900210 15030
19900211 14976
19900212 14928
19900213 14886
19900214 14846
19900215 14808
19900216 14770
19900217 14729
19900218 14682
19900219 14629
19900220 14567
19900221 14493
19900222 14406
19900223 14303
19900224 14187
19900225 14058
19900226 13919
19900227 13770
19900228 13614
19900301 13451
19900302 13285
19900303 13115
19900304 12944
19900305 12771
19900306 12599
19900307 12428
19900308 12259
19900309 12095
19900310 11933
19900311 11773
19900312 11615
19900313 11458
19900314 11300
19900315 11142
