19950208 7913
19950209 8062
19950210 8221
19950211 8388
19950212 8561
19950213 8741
19950214 8927
19950215 9117
19950216 9310
19950217 9507
19950218 9706
19950219 9906
19950220 10107
19950221 10308
19950222 10509
19950223 10708
19950224 10906
19950225 11102
19950226 11295
19950227 11485
19950228 11672
19950301 11855
19950302 12034
19950303 12209
19950304 12378
19950305 12539
19950306 12690
19950307 12829
19950308 12954
19950309 13064
19950310 13157
19950311 13239
19950312 13314
19950313 13389
19950314 13469
19950315 13560
19950316 13667
19950317 13794
19950318 13927
19950319 14052
19950320 14155
19950321 14221
19950322 14234
19950323 14180
19950324 14050
19950325 13859
19950326 13625
19950327 13371
19950328 13116
19950329 12881
19950330 12685
19950331 12544
19950401 12445
19950402 12370
19950403 12301
19950404 12220
19950405 12109
19950406 11950
19950407 11729
19950408 11456
19950409 11144
19950410 10805
19950411 10454
19950412 10103
19950413 9766
19950414 9455
19950415 9167
19950416 8902
19950417 8655
19950418 8423
19950419 8205
19950420 7996
