19951115 8026
19951116 8144
19951117 8299
19951118 8491
19951119 8726
19951120 9006
19951121 9334
19951122 9715
19951123 10150
19951124 10654
19951125 11273
19951126 12062
19951127 13078
19951128 14376
19951129 16014
19951130 18046
19951201 20492
19951202 23228
19951203 26094
19951204 28929
19951205 31573
19951206 33864
19951207 35643
19951208 36788
19951209 37338
19951210 37371
19951211 36965
19951212 36199
19951213 35150
19951214 33897
19951215 32508
19951216 31021
19951217 29463
19951218 27862
19951219 26246
19951220 24642
19951221 23078
19951222 21579
19951223 20152
19951224 18801
19951225 17530
19951226 16344
19951227 15246
19951228 14241
19951229 13333
19951230 12526
19951231 11822
19960101 11226
19960102 10742
19960103 10373
19960104 10122
19960105 9989
19960106 9949
