20110110 9246
20110111 9418
20110112 9614
20110113 9835
20110114 10089
20110115 10386
20110116 10744
20110117 11175
20110118 11696
20110119 12321
20110120 13066
20110121 13935
20110122 14900
20110123 15919
20110124 16954
20110125 17964
20110126 18911
20110127 19753
20110128 20459
20110129 21015
20110130 21417
20110131 21658
20110201 21734
20110202 21637
20110203 21363
20110204 20914
20110205 20319
20110206 19617
20110207 18847
20110208 18045
20110209 17252
20110210 16503
20110211 15831
20110212 15235
20110213 14705
20110214 14235
20110215 13815
20110216 13437
20110217 13094
20110218 12779
20110219 12489
20110220 12224
20110221 11984
20110222 11769
20110223 11577
20110224 11409
20110225 11265
20110226 11141
20110227 11038
20110228 10952
20110301 10882
20110302 10827
20110303 10784
20110304 10752
20110305 10727
20110306 10704
20110307 10679
20110308 10649
20110309 10609
20110310 10554
20110311 10483
20110312 10396
20110313 10297
20110314 10189
20110315 10073
20110316 9954
20110317 9833
20110318 9715
20110319 9604
20110320 9505
20110321 9423
20110322 9363
20110323 9331
20110324 9330
