19871122 15648
19871123 15648
19871124 15672
19871125 15718
19871126 15786
19871127 15871
19871128 15971
19871129 16083
19871130 16203
19871201 16328
19871202 16453
19871203 16576
19871204 16695
19871205 16808
19871206 16917
19871207 17025
19871208 17130
19871209 17236
19871210 17343
19871211 17451
19871212 17561
19871213 17674
19871214 17789
19871215 17906
19871216 18025
19871217 18147
19871218 18270
19871219 18396
19871220 18523
19871221 18653
19871222 18784
19871223 18916
19871224 19050
19871225 19186
19871226 19337
19871227 19515
19871228 19733
19871229 20005
19871230 20342
19871231 20758
19880101 21258
19880102 21817
19880103 22402
19880104 22979
19880105 23516
19880106 23980
19880107 24337
19880108 24563
19880109 24672
19880110 24684
19880111 24623
19880112 24510
19880113 24366
19880114 24214
19880115 24075
19880116 23972
19880117 23927
19880118 23962
19880119 24100
19880120 24363
19880121 24773
19880122 25344
19880123 26062
19880124 26901
19880125 27839
19880126 28852
19880127 29915
19880128 31006
19880129 32098
19880130 33159
19880131 34154
19880201 35049
19880202 35809
19880203 36400
19880204 36787
19880205 36945
19880206 36891
19880207 36649
19880208 36247
19880209 35710
19880210 35064
19880211 34335
19880212 33545
19880213 32709
19880214 31837
19880215 30939
19880216 30027
19880217 29112
19880218 28204
19880219 27311
19880220 26436
19880221 25579
19880222 24739
19880223 23916
19880224 23110
19880225 22321
19880226 21549
19880227 20798
19880228 20073
19880229 19379
19880301 18721
19880302 18102
19880303 17529
19880304 17003
19880305 16523
19880306 16085
19880307 15684
