20030113 8112
20030114 8195
20030115 8289
20030116 8396
20030117 8517
20030118 8661
20030119 8835
20030120 9045
20030121 9299
20030122 9606
20030123 9972
20030124 10400
20030125 10875
20030126 11379
20030127 11891
20030128 12392
20030129 12863
20030130 13284
20030131 13642
20030201 13956
20030202 14250
20030203 14547
20030204 14871
20030205 15249
20030206 15703
20030207 16247
20030208 16857
20030209 17497
20030210 18131
20030211 18723
20030212 19238
20030213 19640
20030214 19902
20030215 20034
20030216 20055
20030217 19982
20030218 19834
20030219 19629
20030220 19387
20030221 19121
20030222 18834
20030223 18528
20030224 18199
20030225 17850
20030226 17478
20030227 17084
20030228 16667
20030301 16235
20030302 15791
20030303 15344
20030304 14899
20030305 14462
20030306 14041
20030307 13638
20030308 13255
20030309 12890
20030310 12540
20030311 12203
20030312 11878
20030313 11564
20030314 11257
20030315 10959
20030316 10668
20030317 10386
20030318 10112
20030319 9846
20030320 9589
20030321 9339
20030322 9101
20030323 8878
20030324 8671
20030325 8485
20030326 8321
20030327 8185
