20031115 8862
20031116 8874
20031117 8931
20031118 9056
20031119 9271
20031120 9599
20031121 10053
20031122 10621
20031123 11280
20031124 12007
20031125 12783
20031126 13584
20031127 14389
20031128 15177
20031129 15938
20031130 16662
20031201 17339
20031202 17959
20031203 18513
20031204 18991
20031205 19385
20031206 19698
20031207 19934
20031208 20099
20031209 20195
20031210 20229
20031211 20205
20031212 20123
20031213 19979
20031214 19761
20031215 19460
20031216 19067
20031217 18572
20031218 17965
20031219 17243
20031220 16433
20031221 15567
20031222 14679
20031223 13800
20031224 12965
20031225 12205
20031226 11547
20031227 10991
20031228 10533
20031229 10165
20031230 9882
20031231 9679
20040101 9549
20040102 9484
20040103 9470
