19911120 5220
19911121 5266
19911122 5301
19911123 5327
19911124 5347
19911125 5363
19911126 5377
19911127 5391
19911128 5409
19911129 5431
19911130 5461
19911201 5498
19911202 5545
19911203 5603
19911204 5673
19911205 5756
19911206 5853
19911207 5962
19911208 6083
19911209 6212
19911210 6347
19911211 6487
19911212 6630
19911213 6773
19911214 6921
19911215 7077
19911216 7243
19911217 7425
19911218 7624
19911219 7846
19911220 8090
19911221 8347
19911222 8607
19911223 8857
19911224 9086
19911225 9281
19911226 9433
19911227 9530
19911228 9578
19911229 9583
19911230 9552
19911231 9490
19920101 9405
19920102 9303
19920103 9189
19920104 9066
19920105 8933
19920106 8793
19920107 8644
19920108 8488
19920109 8326
19920110 8158
19920111 7991
19920112 7830
19920113 7681
19920114 7551
19920115 7446
19920116 7373
19920117 7333
19920118 7320
19920119 7325
19920120 7337
19920121 7345
19920122 7340
19920123 7313
19920124 7254
19920125 7170
19920126 7066
19920127 6949
19920128 6827
19920129 6706
19920130 6593
19920131 6493
19920201 6404
19920202 6324
19920203 6249
19920204 6175
19920205 6099
19920206 6018
19920207 5929
19920208 5834
19920209 5736
19920210 5637
19920211 5541
19920212 5449
19920213 5366
19920214 5291
19920215 5226
