19990107 3036
19990108 3048
19990109 3076
19990110 3125
19990111 3199
19990112 3303
19990113 3442
19990114 3619
19990115 3838
19990116 4089
19990117 4365
19990118 4656
19990119 4951
19990120 5242
19990121 5518
19990122 5776
19990123 6024
19990124 6280
19990125 6556
19990126 6870
19990127 7235
19990128 7666
19990129 8175
19990130 8750
19990131 9375
19990201 10036
19990202 10716
19990203 11400
19990204 12072
19990205 12717
19990206 13316
19990207 13848
19990208 14295
19990209 14638
19990210 14856
19990211 14931
19990212 14851
19990213 14634
19990214 14306
19990215 13892
19990216 13419
19990217 12913
19990218 12398
19990219 11897
19990220 11410
19990221 10931
19990222 10458
19990223 9984
19990224 9507
19990225 9020
19990226 8523
19990227 8022
19990228 7527
19990301 7045
19990302 6587
19990303 6161
19990304 5776
19990305 5441
19990306 5150
19990307 4900
19990308 4686
19990309 4501
19990310 4342
19990311 4202
19990312 4078
19990313 3966
19990314 3862
19990315 3764
19990316 3669
19990317 3574
19990318 3475
19990319 3372
19990320 3265
19990321 3158
19990322 3053
