20130112 4902
20130113 4909
20130114 4921
20130115 4938
20130116 4960
20130117 4987
20130118 5019
20130119 5057
20130120 5103
20130121 5158
20130122 5222
20130123 5297
20130124 5384
20130125 5483
20130126 5596
20130127 5725
20130128 5869
20130129 6029
20130130 6208
20130131 6405
20130201 6619
20130202 6846
20130203 7076
20130204 7301
20130205 7513
20130206 7704
20130207 7867
20130208 7994
20130209 8093
20130210 8172
20130211 8238
20130212 8301
20130213 8368
20130214 8449
20130215 8547
20130216 8660
20130217 8778
20130218 8895
20130219 9002
20130220 9092
20130221 9158
20130222 9193
20130223 9200
20130224 9183
20130225 9147
20130226 9095
20130227 9032
20130228 8963
20130301 8890
20130302 8814
20130303 8734
20130304 8651
20130305 8564
20130306 8472
20130307 8375
20130308 8272
20130309 8165
20130310 8054
20130311 7940
20130312 7825
20130313 7708
20130314 7592
20130315 7475
20130316 7360
20130317 7247
20130318 7134
20130319 7024
20130320 6916
20130321 6811
20130322 6708
20130323 6609
20130324 6515
20130325 6426
20130326 6344
20130327 6270
20130328 6205
20130329 6148
20130330 6100
20130331 6059
20130401 6022
20130402 5990
20130403 5960
20130404 5930
20130405 5901
20130406 5870
20130407 5837
20130408 5803
20130409 5765
20130410 5724
20130411 5680
20130412 5631
20130413 5578
20130414 5522
20130415 5463
20130416 5402
20130417 5339
20130418 5276
20130419 5211
20130420 5143
20130421 5070
20130422 4989
