19980204 3822
19980205 3988
19980206 4165
19980207 4353
19980208 4552
19980209 4761
19980210 4982
19980211 5214
19980212 5458
19980213 5713
19980214 5973
19980215 6230
19980216 6478
19980217 6709
19980218 6917
19980219 7094
19980220 7234
19980221 7341
19980222 7419
19980223 7470
19980224 7500
19980225 7511
19980226 7509
19980227 7497
19980228 7474
19980301 7439
19980302 7391
19980303 7328
19980304 7251
19980305 7157
19980306 7048
19980307 6930
19980308 6810
19980309 6698
19980310 6601
19980311 6528
19980312 6487
19980313 6483
19980314 6505
19980315 6540
19980316 6573
19980317 6591
19980318 6580
19980319 6526
19980320 6421
19980321 6271
19980322 6091
19980323 5892
19980324 5687
19980325 5490
19980326 5312
19980327 5165
19980328 5044
19980329 4946
19980330 4865
19980331 4795
19980401 4733
19980402 4671
19980403 4608
19980404 4542
19980405 4477
19980406 4413
19980407 4354
19980408 4300
19980409 4253
19980410 4216
19980411 4185
19980412 4157
19980413 4131
19980414 4103
19980415 4069
19980416 4028
19980417 3978
19980418 3917
19980419 3846
