19951116 3596
19951117 3598
19951118 3602
19951119 3608
19951120 3617
19951121 3628
19951122 3641
19951123 3658
19951124 3677
19951125 3700
19951126 3732
19951127 3772
19951128 3825
19951129 3891
19951130 3974
19951201 4077
19951202 4205
19951203 4365
19951204 4564
19951205 4808
19951206 5103
19951207 5457
19951208 5872
19951209 6342
19951210 6856
19951211 7404
19951212 7976
19951213 8562
19951214 9151
19951215 9733
19951216 10301
19951217 10850
19951218 11371
19951219 11858
19951220 12305
19951221 12704
19951222 13051
19951223 13339
19951224 13565
19951225 13725
19951226 13815
19951227 13831
19951228 13767
19951229 13624
19951230 13406
19951231 13121
19960101 12779
19960102 12387
19960103 11954
19960104 11487
19960105 10995
19960106 10482
19960107 9951
19960108 9406
19960109 8852
19960110 8291
19960111 7729
19960112 7168
19960113 6619
19960114 6089
19960115 5589
19960116 5127
19960117 4712
19960118 4354
19960119 4058
19960120 3821
19960121 3633
