20070127 3673
20070128 3783
20070129 3891
20070130 3994
20070131 4090
20070201 4175
20070202 4246
20070203 4306
20070204 4356
20070205 4398
20070206 4434
20070207 4464
20070208 4492
20070209 4520
20070210 4550
20070211 4588
20070212 4635
20070213 4697
20070214 4777
20070215 4880
20070216 5006
20070217 5150
20070218 5306
20070219 5467
20070220 5624
20070221 5771
20070222 5900
20070223 6007
20070224 6093
20070225 6162
20070226 6217
20070227 6263
20070228 6302
20070301 6339
20070302 6377
20070303 6414
20070304 6450
20070305 6481
20070306 6508
20070307 6527
20070308 6538
20070309 6539
20070310 6527
20070311 6498
20070312 6450
20070313 6380
20070314 6285
20070315 6160
20070316 6007
20070317 5830
20070318 5637
20070319 5436
20070320 5235
20070321 5043
20070322 4866
20070323 4712
20070324 4578
20070325 4461
20070326 4357
20070327 4262
20070328 4174
20070329 4088
20070330 4003
20070331 3918
20070401 3835
20070402 3757
20070403 3684
