20000113 3002
20000114 3094
20000115 3207
20000116 3335
20000117 3477
20000118 3629
20000119 3788
20000120 3951
20000121 4115
20000122 4283
20000123 4458
20000124 4642
20000125 4838
20000126 5048
20000127 5277
20000128 5524
20000129 5790
20000130 6071
20000131 6366
20000201 6671
20000202 6985
20000203 7305
20000204 7628
20000205 7943
20000206 8240
20000207 8505
20000208 8730
20000209 8901
20000210 9007
20000211 9042
20000212 9015
20000213 8938
20000214 8826
20000215 8691
20000216 8547
20000217 8407
20000218 8283
20000219 8170
20000220 8064
20000221 7959
20000222 7849
20000223 7729
20000224 7593
20000225 7438
20000226 7266
20000227 7082
20000228 6891
20000229 6697
20000301 6506
20000302 6322
20000303 6148
20000304 5985
20000305 5830
20000306 5683
20000307 5542
20000308 5405
20000309 5271
20000310 5140
20000311 5008
20000312 4877
20000313 4745
20000314 4611
20000315 4474
20000316 4334
20000317 4191
20000318 4046
20000319 3902
20000320 3763
20000321 3631
20000322 3509
20000323 3399
20000324 3305
20000325 3224
20000326 3155
20000327 3096
20000328 3044
