19991223 1454
19991224 1458
19991225 1468
19991226 1485
19991227 1508
19991228 1535
19991229 1567
19991230 1601
19991231 1639
20000101 1678
20000102 1718
20000103 1761
20000104 1804
20000105 1848
20000106 1893
20000107 1939
20000108 1985
20000109 2033
20000110 2082
20000111 2133
20000112 2186
20000113 2241
20000114 2300
20000115 2359
20000116 2415
20000117 2466
20000118 2508
20000119 2540
20000120 2558
20000121 2562
20000122 2553
20000123 2536
20000124 2517
20000125 2499
20000126 2488
20000127 2486
20000128 2499
20000129 2524
20000130 2558
20000131 2598
20000201 2642
20000202 2686
20000203 2729
20000204 2766
20000205 2797
20000206 2823
20000207 2843
20000208 2857
20000209 2864
20000210 2864
20000211 2858
20000212 2846
20000213 2828
20000214 2807
20000215 2782
20000216 2756
20000217 2729
20000218 2701
20000219 2673
20000220 2645
20000221 2616
20000222 2586
20000223 2555
20000224 2522
20000225 2489
20000226 2454
20000227 2418
20000228 2381
20000229 2343
20000301 2305
20000302 2267
20000303 2230
20000304 2192
20000305 2153
20000306 2113
20000307 2071
20000308 2027
20000309 1980
20000310 1931
20000311 1880
20000312 1830
20000313 1783
20000314 1739
20000315 1702
20000316 1673
20000317 1654
20000318 1643
20000319 1637
20000320 1637
20000321 1639
20000322 1642
20000323 1643
20000324 1643
20000325 1639
20000326 1633
20000327 1623
20000328 1610
20000329 1595
20000330 1577
20000331 1555
20000401 1531
20000402 1505
20000403 1476
