20011205 1221
20011206 1227
20011207 1235
20011208 1247
20011209 1260
20011210 1275
20011211 1292
20011212 1308
20011213 1325
20011214 1342
20011215 1358
20011216 1374
20011217 1388
20011218 1402
20011219 1413
20011220 1424
20011221 1432
20011222 1439
20011223 1445
20011224 1450
20011225 1455
20011226 1460
20011227 1467
20011228 1474
20011229 1482
20011230 1491
20011231 1500
20020101 1511
20020102 1522
20020103 1534
20020104 1547
20020105 1560
20020106 1575
20020107 1590
20020108 1607
20020109 1625
20020110 1645
20020111 1666
20020112 1689
20020113 1713
20020114 1738
20020115 1765
20020116 1791
20020117 1819
20020118 1846
20020119 1875
20020120 1906
20020121 1940
20020122 1979
20020123 2023
20020124 2075
20020125 2132
20020126 2193
20020127 2253
20020128 2307
20020129 2351
20020130 2380
20020131 2390
20020201 2377
20020202 2346
20020203 2302
20020204 2249
20020205 2192
20020206 2137
20020207 2089
20020208 2050
20020209 2021
20020210 1999
20020211 1980
20020212 1964
20020213 1946
20020214 1925
20020215 1898
20020216 1867
20020217 1832
20020218 1795
20020219 1758
20020220 1720
20020221 1685
20020222 1651
20020223 1621
20020224 1593
20020225 1567
20020226 1543
20020227 1521
20020228 1500
20020301 1479
20020302 1461
20020303 1444
20020304 1428
20020305 1415
20020306 1405
20020307 1398
20020308 1393
20020309 1391
20020310 1391
