19951126 1077
19951127 1104
19951128 1147
19951129 1208
19951130 1291
19951201 1397
19951202 1527
19951203 1676
19951204 1844
19951205 2027
19951206 2224
19951207 2432
19951208 2648
19951209 2870
19951210 3096
19951211 3324
19951212 3552
19951213 3776
19951214 3995
19951215 4207
19951216 4406
19951217 4589
19951218 4751
19951219 4888
19951220 4995
19951221 5068
19951222 5103
19951223 5105
19951224 5079
19951225 5030
19951226 4963
19951227 4883
19951228 4795
19951229 4705
19951230 4614
19951231 4524
19960101 4437
19960102 4355
19960103 4280
19960104 4214
19960105 4158
19960106 4106
19960107 4052
19960108 3991
19960109 3916
19960110 3821
19960111 3699
19960112 3548
19960113 3370
19960114 3170
19960115 2953
19960116 2725
19960117 2491
19960118 2256
19960119 2026
19960120 1803
19960121 1592
19960122 1397
19960123 1221
