19980116 858
19980117 859
19980118 864
19980119 874
19980120 889
19980121 912
19980122 943
19980123 984
19980124 1030
19980125 1079
19980126 1128
19980127 1173
19980128 1211
19980129 1237
19980130 1252
19980131 1256
19980201 1257
19980202 1258
19980203 1264
19980204 1281
19980205 1312
19980206 1363
19980207 1429
19980208 1509
19980209 1598
19980210 1693
19980211 1791
19980212 1887
19980213 1980
19980214 2068
19980215 2152
19980216 2232
19980217 2307
19980218 2379
19980219 2446
19980220 2510
19980221 2569
19980222 2621
19980223 2666
19980224 2701
19980225 2725
19980226 2737
19980227 2737
19980228 2724
19980301 2699
19980302 2666
19980303 2624
19980304 2575
19980305 2521
19980306 2461
19980307 2398
19980308 2332
19980309 2262
19980310 2190
19980311 2116
19980312 2040
19980313 1962
19980314 1884
19980315 1807
19980316 1732
19980317 1660
19980318 1593
19980319 1531
19980320 1474
19980321 1424
19980322 1378
19980323 1337
19980324 1298
19980325 1261
19980326 1226
19980327 1190
19980328 1155
19980329 1121
19980330 1086
19980331 1051
19980401 1017
19980402 983
19980403 948
19980404 915
19980405 885
19980406 859
