19871229 1591
19871230 1591
19871231 1595
19880101 1602
19880102 1612
19880103 1625
19880104 1641
19880105 1659
19880106 1679
19880107 1701
19880108 1723
19880109 1747
19880110 1771
19880111 1796
19880112 1820
19880113 1844
19880114 1867
19880115 1890
19880116 1915
19880117 1946
19880118 1985
19880119 2037
19880120 2105
19880121 2192
19880122 2300
19880123 2433
19880124 2590
19880125 2774
19880126 2985
19880127 3225
19880128 3495
19880129 3793
19880130 4111
19880131 4438
19880201 4761
19880202 5069
19880203 5351
19880204 5595
19880205 5792
19880206 5944
19880207 6055
19880208 6131
19880209 6176
19880210 6194
19880211 6190
19880212 6167
19880213 6129
19880214 6077
19880215 6013
19880216 5939
19880217 5858
19880218 5771
19880219 5679
19880220 5583
19880221 5483
19880222 5379
19880223 5271
19880224 5158
19880225 5042
19880226 4920
19880227 4796
19880228 4668
19880229 4539
19880301 4408
19880302 4277
19880303 4147
19880304 4017
19880305 3888
19880306 3759
19880307 3629
19880308 3499
19880309 3366
19880310 3232
19880311 3094
19880312 2957
19880313 2823
19880314 2694
19880315 2573
19880316 2463
19880317 2367
19880318 2286
19880319 2218
19880320 2161
19880321 2110
19880322 2063
19880323 2016
19880324 1967
19880325 1911
19880326 1852
19880327 1791
19880328 1729
19880329 1670
19880330 1615
