20031127 1095
20031128 1110
20031129 1126
20031130 1142
20031201 1159
20031202 1177
20031203 1197
20031204 1219
20031205 1245
20031206 1274
20031207 1305
20031208 1337
20031209 1371
20031210 1405
20031211 1439
20031212 1472
20031213 1504
20031214 1534
20031215 1560
20031216 1583
20031217 1601
20031218 1614
20031219 1620
20031220 1621
20031221 1619
20031222 1616
20031223 1612
20031224 1609
20031225 1609
20031226 1612
20031227 1620
20031228 1630
20031229 1643
20031230 1658
20031231 1674
20040101 1691
20040102 1707
20040103 1724
20040104 1741
20040105 1757
20040106 1774
20040107 1790
20040108 1806
20040109 1821
20040110 1835
20040111 1850
20040112 1863
20040113 1876
20040114 1888
20040115 1899
20040116 1908
20040117 1917
20040118 1923
20040119 1927
20040120 1927
20040121 1924
20040122 1917
20040123 1904
20040124 1888
20040125 1868
20040126 1844
20040127 1819
20040128 1792
20040129 1764
20040130 1735
20040131 1706
20040201 1676
20040202 1647
20040203 1619
20040204 1591
20040205 1564
20040206 1537
20040207 1512
20040208 1488
20040209 1465
20040210 1443
20040211 1422
20040212 1403
20040213 1384
20040214 1367
20040215 1351
20040216 1335
20040217 1319
20040218 1302
20040219 1286
20040220 1268
20040221 1250
20040222 1231
20040223 1212
20040224 1194
20040225 1175
20040226 1157
20040227 1139
20040228 1122
20040229 1105
