19910121 11136
19910122 11149
19910123 11217
19910124 11354
19910125 11570
19910126 11845
19910127 12154
19910128 12471
19910129 12772
19910130 13031
19910131 13223
19910201 13332
19910202 13375
19910203 13380
19910204 13372
19910205 13379
19910206 13427
19910207 13543
19910208 13748
19910209 14036
19910210 14396
19910211 14815
19910212 15283
19910213 15788
19910214 16318
19910215 16865
19910216 17427
19910217 18009
19910218 18611
19910219 19238
19910220 19890
19910221 20571
19910222 21282
19910223 22017
19910224 22767
19910225 23525
19910226 24283
19910227 25034
19910228 25771
19910301 26484
19910302 27171
19910303 27825
19910304 28443
19910305 29019
19910306 29550
19910307 30030
19910308 30454
19910309 30817
19910310 31110
19910311 31329
19910312 31465
19910313 31512
19910314 31464
19910315 31312
19910316 31047
19910317 30661
19910318 30141
19910319 29479
19910320 28665
19910321 27688
19910322 26549
19910323 25296
19910324 23987
19910325 22679
19910326 21430
19910327 20299
19910328 19343
19910329 18602
19910330 18048
19910331 17633
19910401 17309
19910402 17030
19910403 16748
19910404 16417
19910405 15999
19910406 15509
19910407 14969
19910408 14404
19910409 13838
19910410 13293
19910411 12795
19910412 12362
19910413 11991
19910414 11671
19910415 11395
19910416 11153
