20090930 9532
20091001 9645
20091002 9731
20091003 9791
20091004 9833
20091005 9862
20091006 9883
20091007 9902
20091008 9924
20091009 9957
20091010 10005
20091011 10076
20091012 10177
20091013 10315
20091014 10496
20091015 10728
20091016 11020
20091017 11389
20091018 11856
20091019 12439
20091020 13161
20091021 14039
20091022 15094
20091023 16332
20091024 17692
20091025 19100
20091026 20483
20091027 21765
20091028 22873
20091029 23731
20091030 24286
20091031 24553
20091101 24573
20091102 24381
20091103 24014
20091104 23511
20091105 22908
20091106 22238
20091107 21511
20091108 20730
20091109 19902
20091110 19030
20091111 18120
20091112 17176
20091113 16207
20091114 15232
20091115 14274
20091116 13358
20091117 12505
20091118 11740
20091119 11086
20091120 10560
20091121 10148
20091122 9831
20091123 9591
