19931230 6884
19931231 6892
19940101 6917
19940102 6959
19940103 7014
19940104 7080
19940105 7153
19940106 7232
19940107 7315
19940108 7402
19940109 7495
19940110 7595
19940111 7704
19940112 7823
19940113 7953
19940114 8098
19940115 8256
19940116 8428
19940117 8617
19940118 8821
19940119 9043
19940120 9281
19940121 9539
19940122 9814
19940123 10106
19940124 10416
19940125 10743
19940126 11086
19940127 11445
19940128 11820
19940129 12206
19940130 12601
19940131 13000
19940201 13399
19940202 13796
19940203 14185
19940204 14565
19940205 14935
19940206 15296
19940207 15648
19940208 15993
19940209 16330
19940210 16661
19940211 16985
19940212 17293
19940213 17573
19940214 17814
19940215 18007
19940216 18140
19940217 18202
19940218 18186
19940219 18096
19940220 17940
19940221 17725
19940222 17460
19940223 17152
19940224 16808
19940225 16437
19940226 16042
19940227 15628
19940228 15197
19940301 14754
19940302 14303
19940303 13847
19940304 13391
19940305 12934
19940306 12479
19940307 12025
19940308 11574
19940309 11127
19940310 10684
19940311 10248
19940312 9819
19940313 9401
19940314 8997
19940315 8610
19940316 8242
19940317 7895
19940318 7573
19940319 7276
19940320 7001
