19921226 10445
19921227 10451
19921228 10471
19921229 10505
19921230 10549
19921231 10603
19930101 10666
19930102 10736
19930103 10813
19930104 10897
19930105 10988
19930106 11084
19930107 11185
19930108 11292
19930109 11405
19930110 11522
19930111 11646
19930112 11775
19930113 11910
19930114 12052
19930115 12201
19930116 12352
19930117 12503
19930118 12650
19930119 12789
19930120 12918
19930121 13032
19930122 13131
19930123 13219
19930124 13305
19930125 13397
19930126 13503
19930127 13630
19930128 13786
19930129 13976
19930130 14183
19930131 14391
19930201 14579
19930202 14730
19930203 14824
19930204 14843
19930205 14775
19930206 14635
19930207 14443
19930208 14223
19930209 13995
19930210 13782
19930211 13605
19930212 13480
19930213 13403
19930214 13366
19930215 13359
19930216 13374
19930217 13401
19930218 13430
19930219 13456
19930220 13478
19930221 13496
19930222 13514
19930223 13533
19930224 13554
19930225 13578
19930226 13609
19930227 13644
19930228 13683
19930301 13726
19930302 13770
19930303 13817
19930304 13864
19930305 13910
19930306 13955
19930307 13996
19930308 14033
19930309 14064
19930310 14086
19930311 14100
19930312 14101
19930313 14082
19930314 14034
19930315 13948
19930316 13815
19930317 13626
19930318 13371
19930319 13048
19930320 12674
19930321 12272
19930322 11864
19930323 11473
19930324 11124
19930325 10838
19930326 10631
19930327 10494
