20070128 9181
20070129 9418
20070130 9636
20070131 9826
20070201 9977
20070202 10081
20070203 10150
20070204 10198
20070205 10239
20070206 10287
20070207 10356
20070208 10461
20070209 10612
20070210 10807
20070211 11038
20070212 11300
20070213 11586
20070214 11890
20070215 12205
20070216 12524
20070217 12846
20070218 13166
20070219 13484
20070220 13796
20070221 14099
20070222 14392
20070223 14670
20070224 14930
20070225 15167
20070226 15377
20070227 15554
20070228 15693
20070301 15791
20070302 15842
20070303 15846
20070304 15804
20070305 15716
20070306 15580
20070307 15399
20070308 15171
20070309 14897
20070310 14583
20070311 14233
20070312 13855
20070313 13452
20070314 13031
20070315 12597
20070316 12155
20070317 11714
20070318 11278
20070319 10855
20070320 10451
20070321 10072
20070322 9727
20070323 9418
