19940112 3670
19940113 3753
19940114 3847
19940115 3954
19940116 4073
19940117 4202
19940118 4340
19940119 4489
19940120 4645
19940121 4810
19940122 4977
19940123 5143
19940124 5304
19940125 5454
19940126 5589
19940127 5706
19940128 5800
19940129 5878
19940130 5946
19940131 6013
19940201 6085
19940202 6169
19940203 6274
19940204 6403
19940205 6553
19940206 6720
19940207 6895
19940208 7075
19940209 7253
19940210 7423
19940211 7579
19940212 7722
19940213 7848
19940214 7958
19940215 8049
19940216 8122
19940217 8175
19940218 8206
19940219 8213
19940220 8193
19940221 8143
19940222 8060
19940223 7941
19940224 7783
19940225 7584
19940226 7354
19940227 7101
19940228 6835
19940301 6565
19940302 6302
19940303 6056
19940304 5832
19940305 5632
19940306 5451
19940307 5286
19940308 5134
19940309 4992
19940310 4857
19940311 4725
19940312 4594
19940313 4465
19940314 4334
19940315 4202
19940316 4065
19940317 3924
19940318 3776
