19891120 5782
19891121 5892
19891122 6019
19891123 6162
19891124 6319
19891125 6485
19891126 6650
19891127 6807
19891128 6947
19891129 7062
19891130 7144
19891201 7187
19891202 7202
19891203 7202
19891204 7199
19891205 7206
19891206 7237
19891207 7304
19891208 7416
19891209 7568
19891210 7751
19891211 7954
19891212 8169
19891213 8386
19891214 8596
19891215 8790
19891216 8971
19891217 9140
19891218 9301
19891219 9455
19891220 9607
19891221 9758
19891222 9910
19891223 10065
19891224 10223
19891225 10382
19891226 10544
19891227 10709
19891228 10876
19891229 11045
19891230 11216
19891231 11391
19900101 11568
19900102 11749
19900103 11934
19900104 12122
19900105 12313
19900106 12504
19900107 12692
19900108 12872
19900109 13041
19900110 13194
19900111 13330
19900112 13443
19900113 13535
19900114 13607
19900115 13660
19900116 13695
19900117 13715
19900118 13720
19900119 13710
19900120 13689
19900121 13656
19900122 13613
19900123 13560
19900124 13500
19900125 13434
19900126 13360
19900127 13273
19900128 13168
19900129 13036
19900130 12871
19900131 12666
19900201 12415
19900202 12112
19900203 11769
19900204 11399
19900205 11014
19900206 10628
19900207 10253
19900208 9903
19900209 9587
19900210 9307
19900211 9058
19900212 8838
19900213 8643
19900214 8470
19900215 8318
19900216 8181
19900217 8056
19900218 7938
19900219 7823
19900220 7706
19900221 7583
19900222 7450
19900223 7302
19900224 7144
19900225 6982
19900226 6820
19900227 6663
19900228 6517
19900301 6387
19900302 6276
19900303 6184
19900304 6107
19900305 6043
19900306 5989
19900307 5942
19900308 5901
19900309 5861
19900310 5822
19900311 5784
