20030201 3131
20030202 3207
20030203 3294
20030204 3396
20030205 3511
20030206 3641
20030207 3785
20030208 3944
20030209 4114
20030210 4294
20030211 4482
20030212 4676
20030213 4874
20030214 5073
20030215 5268
20030216 5452
20030217 5620
20030218 5764
20030219 5879
20030220 5958
20030221 5996
20030222 5999
20030223 5974
20030224 5928
20030225 5868
20030226 5800
20030227 5733
20030228 5670
20030301 5611
20030302 5554
20030303 5495
20030304 5431
20030305 5359
20030306 5278
20030307 5184
20030308 5082
20030309 4978
20030310 4876
20030311 4782
20030312 4702
20030313 4640
20030314 4599
20030315 4574
20030316 4558
20030317 4543
20030318 4522
20030319 4486
20030320 4427
20030321 4342
20030322 4234
20030323 4110
20030324 3975
20030325 3838
20030326 3705
20030327 3581
20030328 3474
20030329 3381
20030330 3302
20030331 3235
20030401 3178
