19930104 4460
19930105 4560
19930106 4673
19930107 4798
19930108 4934
19930109 5083
19930110 5244
19930111 5416
19930112 5599
19930113 5792
19930114 5995
19930115 6209
19930116 6432
19930117 6663
19930118 6902
19930119 7149
19930120 7402
19930121 7661
19930122 7923
19930123 8184
19930124 8435
19930125 8669
19930126 8879
19930127 9057
19930128 9196
19930129 9290
19930130 9343
19930131 9360
19930201 9346
19930202 9307
19930203 9249
19930204 9176
19930205 9091
19930206 8989
19930207 8861
19930208 8700
19930209 8497
19930210 8244
19930211 7934
19930212 7562
19930213 7152
19930214 6730
19930215 6323
19930216 5959
19930217 5665
19930218 5468
19930219 5385
