19890102 8368
19890103 8568
19890104 8773
19890105 8974
19890106 9170
19890107 9371
19890108 9589
19890109 9839
19890110 10134
19890111 10487
19890112 10912
19890113 11417
19890114 11980
19890115 12574
19890116 13175
19890117 13753
19890118 14283
19890119 14738
19890120 15098
19890121 15367
19890122 15556
19890123 15677
19890124 15740
19890125 15756
19890126 15737
19890127 15692
19890128 15620
19890129 15518
19890130 15383
19890131 15213
19890201 15005
19890202 14755
19890203 14464
19890204 14138
19890205 13784
19890206 13412
19890207 13029
19890208 12643
19890209 12263
19890210 11897
19890211 11548
19890212 11219
19890213 10914
19890214 10635
19890215 10387
19890216 10170
19890217 9989
19890218 9835
19890219 9704
19890220 9586
19890221 9475
19890222 9364
19890223 9246
19890224 9114
19890225 8974
19890226 8831
19890227 8692
19890228 8562
19890301 8448
