19980205 9304
19980206 9625
19980207 10010
19980208 10453
19980209 10944
19980210 11476
19980211 12042
19980212 12633
19980213 13241
19980214 13862
19980215 14487
19980216 15113
19980217 15731
19980218 16337
19980219 16925
19980220 17486
19980221 18012
19980222 18490
19980223 18909
19980224 19258
19980225 19525
19980226 19700
19980227 19773
19980228 19752
19980301 19645
19980302 19461
19980303 19210
19980304 18902
19980305 18545
19980306 18147
19980307 17714
19980308 17248
19980309 16755
19980310 16236
19980311 15697
19980312 15141
19980313 14570
19980314 13991
19980315 13407
19980316 12822
19980317 12242
19980318 11670
19980319 11111
19980320 10569
19980321 10052
19980322 9566
