19881114 12630
19881115 12647
19881116 12686
19881117 12750
19881118 12843
19881119 12960
19881120 13098
19881121 13253
19881122 13420
19881123 13596
19881124 13775
19881125 13956
19881126 14137
19881127 14322
19881128 14510
19881129 14704
19881130 14906
19881201 15116
19881202 15335
19881203 15562
19881204 15794
19881205 16029
19881206 16265
19881207 16499
19881208 16729
19881209 16953
19881210 17163
19881211 17354
19881212 17519
19881213 17650
19881214 17742
19881215 17789
19881216 17785
19881217 17744
19881218 17678
19881219 17603
19881220 17533
19881221 17481
19881222 17463
19881223 17491
19881224 17561
19881225 17671
19881226 17815
19881227 17989
19881228 18189
19881229 18409
19881230 18647
19881231 18894
19890101 19146
19890102 19395
19890103 19636
19890104 19861
19890105 20065
19890106 20243
19890107 20394
19890108 20520
19890109 20622
19890110 20701
19890111 20758
19890112 20794
19890113 20812
19890114 20811
19890115 20793
19890116 20759
19890117 20710
19890118 20646
19890119 20570
19890120 20481
19890121 20387
19890122 20291
19890123 20201
19890124 20121
19890125 20057
19890126 20015
19890127 19997
19890128 20000
19890129 20013
19890130 20029
19890131 20040
19890201 20038
19890202 20014
19890203 19964
19890204 19891
19890205 19803
19890206 19709
19890207 19615
19890208 19529
19890209 19458
19890210 19409
19890211 19376
19890212 19354
19890213 19336
19890214 19316
19890215 19288
19890216 19245
19890217 19182
19890218 19101
19890219 19004
19890220 18894
19890221 18772
19890222 18643
19890223 18508
19890224 18369
19890225 18227
19890226 18085
19890227 17942
19890228 17799
19890301 17657
19890302 17518
19890303 17381
19890304 17245
19890305 17110
19890306 16974
19890307 16835
19890308 16692
19890309 16545
19890310 16389
19890311 16224
19890312 16045
19890313 15849
19890314 15633
19890315 15392
19890316 15123
19890317 14826
19890318 14506
19890319 14171
19890320 13831
19890321 13493
19890322 13165
19890323 12858
