20000110 8883
20000111 9440
20000112 10025
20000113 10627
20000114 11237
20000115 11852
20000116 12469
20000117 13088
20000118 13707
20000119 14324
20000120 14937
20000121 15545
20000122 16137
20000123 16705
20000124 17238
20000125 17726
20000126 18159
20000127 18528
20000128 18822
20000129 19038
20000130 19172
20000131 19217
20000201 19172
20000202 19031
20000203 18791
20000204 18450
20000205 18026
20000206 17537
20000207 17004
20000208 16447
20000209 15886
20000210 15339
20000211 14825
20000212 14343
20000213 13892
20000214 13468
20000215 13070
20000216 12695
20000217 12340
20000218 12004
20000219 11685
20000220 11384
20000221 11100
20000222 10834
20000223 10584
20000224 10350
20000225 10134
20000226 9933
20000227 9747
20000228 9575
20000229 9417
20000301 9272
20000302 9140
20000303 9018
20000304 8908
