19990115 8884
19990116 9162
19990117 9483
19990118 9852
19990119 10273
19990120 10752
19990121 11291
19990122 11896
19990123 12561
19990124 13284
19990125 14061
19990126 14888
19990127 15760
19990128 16674
19990129 17623
19990130 18584
19990131 19532
19990201 20443
19990202 21291
19990203 22052
19990204 22700
19990205 23214
19990206 23596
19990207 23850
19990208 23980
19990209 23991
19990210 23888
19990211 23675
19990212 23361
19990213 22958
19990214 22485
19990215 21959
19990216 21395
19990217 20811
19990218 20224
19990219 19649
19990220 19085
19990221 18531
19990222 17987
19990223 17449
19990224 16917
19990225 16388
19990226 15863
19990227 15345
19990228 14840
19990301 14354
19990302 13892
19990303 13459
19990304 13061
19990305 12703
19990306 12380
19990307 12089
19990308 11824
19990309 11581
19990310 11355
19990311 11140
19990312 10934
19990313 10733
19990314 10535
19990315 10338
19990316 10139
19990317 9937
19990318 9728
19990319 9513
19990320 9292
19990321 9067
