19861020 14620
19861021 14940
19861022 15277
19861023 15619
19861024 15957
19861025 16314
19861026 16717
19861027 17196
19861028 17778
19861029 18492
19861030 19367
19861031 20420
19861101 21630
19861102 22964
19861103 24390
19861104 25875
19861105 27387
19861106 28894
19861107 30361
19861108 31750
19861109 33021
19861110 34134
19861111 35050
19861112 35728
19861113 36128
19861114 36225
19861115 36056
19861116 35671
19861117 35121
19861118 34458
19861119 33732
19861120 32995
19861121 32286
19861122 31602
19861123 30930
19861124 30256
19861125 29565
19861126 28843
19861127 28077
19861128 27258
19861129 26403
19861130 25536
19861201 24678
19861202 23853
19861203 23083
19861204 22392
19861205 21794
19861206 21279
19861207 20827
19861208 20420
19861209 20039
19861210 19664
19861211 19279
19861212 18866
19861213 18431
19861214 17980
19861215 17521
19861216 17060
19861217 16606
19861218 16166
19861219 15746
19861220 15354
19861221 14998
19861222 14684
