20090125 9192
20090126 9425
20090127 9649
20090128 9853
20090129 10026
20090130 10160
20090131 10268
20090201 10368
20090202 10475
20090203 10608
20090204 10783
20090205 11018
20090206 11321
20090207 11681
20090208 12076
20090209 12486
20090210 12891
20090211 13270
20090212 13604
20090213 13875
20090214 14087
20090215 14245
20090216 14357
20090217 14430
20090218 14469
20090219 14483
20090220 14475
20090221 14448
20090222 14401
20090223 14337
20090224 14255
20090225 14155
20090226 14038
20090227 13904
20090228 13757
20090301 13599
20090302 13434
20090303 13263
20090304 13090
20090305 12918
20090306 12748
20090307 12582
20090308 12418
20090309 12255
20090310 12094
20090311 11933
20090312 11772
20090313 11609
20090314 11444
20090315 11274
20090316 11096
20090317 10910
20090318 10712
20090319 10502
20090320 10277
20090321 10046
20090322 9816
20090323 9596
20090324 9395
20090325 9221
