19911118 8394
19911119 8394
19911120 8464
19911121 8615
19911122 8855
19911123 9162
19911124 9507
19911125 9865
19911126 10205
19911127 10502
19911128 10726
19911129 10862
19911130 10933
19911201 10977
19911202 11028
19911203 11123
19911204 11297
19911205 11586
19911206 12018
19911207 12583
19911208 13262
19911209 14038
19911210 14892
19911211 15806
19911212 16762
19911213 17744
19911214 18739
19911215 19738
19911216 20733
19911217 21713
19911218 22669
19911219 23590
19911220 24468
19911221 25289
19911222 26039
19911223 26704
19911224 27271
19911225 27726
19911226 28055
19911227 28249
19911228 28323
19911229 28294
19911230 28183
19911231 28007
19920101 27786
19920102 27539
19920103 27277
19920104 26990
19920105 26659
19920106 26267
19920107 25795
19920108 25225
19920109 24539
19920110 23727
19920111 22802
19920112 21784
19920113 20695
19920114 19555
19920115 18385
19920116 17205
19920117 16037
19920118 14897
19920119 13801
19920120 12768
19920121 11814
19920122 10955
19920123 10209
19920124 9588
19920125 9085
19920126 8686
