19961222 8964
19961223 8983
19961224 9055
19961225 9194
19961226 9415
19961227 9728
19961228 10126
19961229 10599
19961230 11135
19961231 11723
19970101 12352
19970102 13010
19970103 13687
19970104 14378
19970105 15077
19970106 15781
19970107 16485
19970108 17183
19970109 17870
19970110 18544
19970111 19197
19970112 19827
19970113 20427
19970114 20994
19970115 21522
19970116 22008
19970117 22443
19970118 22820
19970119 23127
19970120 23353
19970121 23486
19970122 23517
19970123 23433
19970124 23227
19970125 22908
19970126 22489
19970127 21981
19970128 21397
19970129 20748
19970130 20048
19970131 19308
19970201 18549
19970202 17787
19970203 17043
19970204 16335
19970205 15683
19970206 15105
19970207 14614
19970208 14205
19970209 13862
19970210 13573
19970211 13325
19970212 13105
19970213 12900
19970214 12698
19970215 12499
19970216 12306
19970217 12120
19970218 11942
19970219 11776
19970220 11621
19970221 11481
19970222 11353
19970223 11234
19970224 11122
19970225 11014
19970226 10908
19970227 10801
19970228 10690
19970301 10577
19970302 10461
19970303 10342
19970304 10222
19970305 10101
19970306 9978
19970307 9856
19970308 9732
19970309 9609
19970310 9486
19970311 9364
19970312 9243
19970313 9122
19970314 9003
