20060204 7761
20060205 7898
20060206 8035
20060207 8171
20060208 8301
20060209 8423
20060210 8533
20060211 8634
20060212 8729
20060213 8821
20060214 8913
20060215 9010
20060216 9113
20060217 9225
20060218 9345
20060219 9474
20060220 9609
20060221 9750
20060222 9894
20060223 10043
20060224 10193
20060225 10346
20060226 10503
20060227 10664
20060228 10830
20060301 11003
20060302 11182
20060303 11367
20060304 11558
20060305 11751
20060306 11944
20060307 12134
20060308 12319
20060309 12497
20060310 12664
20060311 12821
20060312 12966
20060313 13099
20060314 13220
20060315 13327
20060316 13420
20060317 13497
20060318 13556
20060319 13593
20060320 13603
20060321 13584
20060322 13531
20060323 13441
20060324 13312
20060325 13159
20060326 12998
20060327 12845
20060328 12718
20060329 12633
20060330 12607
20060331 12647
20060401 12729
20060402 12820
20060403 12887
20060404 12895
20060405 12813
20060406 12607
20060407 12254
20060408 11783
20060409 11231
20060410 10635
20060411 10035
20060412 9469
20060413 8974
20060414 8580
20060415 8282
20060416 8065
20060417 7917
20060418 7822
20060419 7767
