19860924 1875
19860925 1886
19860926 1913
19860927 1953
19860928 2003
19860929 2057
19860930 2112
19861001 2163
19861002 2205
19861003 2237
19861004 2257
19861005 2270
19861006 2278
19861007 2282
19861008 2286
19861009 2292
19861010 2301
19861011 2318
19861012 2344
19861013 2384
19861014 2438
19861015 2511
19861016 2605
19861017 2722
19861018 2857
19861019 3005
19861020 3160
19861021 3316
19861022 3468
19861023 3611
19861024 3738
19861025 3848
19861026 3941
19861027 4014
19861028 4067
19861029 4097
19861030 4105
19861031 4088
19861101 4049
19861102 3992
19861103 3917
19861104 3828
19861105 3728
19861106 3619
19861107 3502
19861108 3381
19861109 3255
19861110 3126
19861111 2995
19861112 2862
19861113 2730
19861114 2598
19861115 2471
19861116 2351
19861117 2243
19861118 2148
19861119 2071
19861120 2015
19861121 1981
19861122 1967
