19910106 1610
19910107 1611
19910108 1612
19910109 1614
19910110 1615
19910111 1617
19910112 1619
19910113 1621
19910114 1623
19910115 1626
19910116 1630
19910117 1634
19910118 1640
19910119 1647
19910120 1654
19910121 1660
19910122 1667
19910123 1672
19910124 1676
19910125 1680
19910126 1683
19910127 1688
19910128 1696
19910129 1709
19910130 1729
19910131 1757
19910201 1795
19910202 1840
19910203 1889
19910204 1939
19910205 1986
19910206 2029
19910207 2064
19910208 2089
19910209 2106
19910210 2115
19910211 2120
19910212 2123
19910213 2126
19910214 2130
19910215 2139
19910216 2153
19910217 2172
19910218 2199
19910219 2233
19910220 2276
19910221 2329
19910222 2393
19910223 2466
19910224 2546
19910225 2633
19910226 2724
19910227 2819
19910228 2916
19910301 3013
19910302 3110
19910303 3207
19910304 3303
19910305 3398
19910306 3491
19910307 3583
19910308 3671
19910309 3756
19910310 3833
19910311 3900
19910312 3956
19910313 3997
19910314 4022
19910315 4027
19910316 4014
19910317 3984
19910318 3937
19910319 3875
19910320 3799
19910321 3709
19910322 3606
19910323 3496
19910324 3380
19910325 3264
19910326 3151
19910327 3045
19910328 2949
19910329 2868
19910330 2798
19910331 2735
19910401 2678
19910402 2621
19910403 2561
19910404 2495
19910405 2421
19910406 2341
19910407 2256
19910408 2170
19910409 2085
19910410 2005
19910411 1931
19910412 1867
19910413 1810
19910414 1760
19910415 1713
19910416 1668
19910417 1623
