19930104 1632
19930105 1641
19930106 1651
19930107 1662
19930108 1675
19930109 1687
19930110 1701
19930111 1715
19930112 1730
19930113 1746
19930114 1763
19930115 1782
19930116 1801
19930117 1821
19930118 1843
19930119 1867
19930120 1892
19930121 1919
19930122 1949
19930123 1979
19930124 2011
19930125 2042
19930126 2073
19930127 2104
19930128 2132
19930129 2159
19930130 2184
19930131 2205
19930201 2224
19930202 2240
19930203 2253
19930204 2262
19930205 2268
19930206 2270
19930207 2268
19930208 2263
19930209 2253
19930210 2240
19930211 2223
19930212 2201
19930213 2178
19930214 2153
19930215 2127
19930216 2103
19930217 2082
19930218 2064
19930219 2052
19930220 2044
19930221 2040
19930222 2039
