19981120 985
19981121 1035
19981122 1090
19981123 1148
19981124 1205
19981125 1260
19981126 1308
19981127 1350
19981128 1383
19981129 1411
19981130 1434
19981201 1453
19981202 1470
19981203 1485
19981204 1500
19981205 1515
19981206 1530
19981207 1544
19981208 1558
19981209 1572
19981210 1585
19981211 1599
19981212 1612
19981213 1625
19981214 1636
19981215 1647
19981216 1657
19981217 1665
19981218 1673
19981219 1679
19981220 1685
19981221 1691
19981222 1698
19981223 1707
19981224 1717
19981225 1731
19981226 1747
19981227 1765
19981228 1786
19981229 1808
19981230 1833
19981231 1859
19990101 1888
19990102 1918
19990103 1949
19990104 1984
19990105 2020
19990106 2059
19990107 2101
19990108 2146
19990109 2194
19990110 2243
19990111 2294
19990112 2346
19990113 2398
19990114 2450
19990115 2503
19990116 2556
19990117 2613
19990118 2675
19990119 2745
19990120 2825
19990121 2915
19990122 3018
19990123 3125
19990124 3226
19990125 3313
19990126 3377
19990127 3407
19990128 3395
19990129 3335
19990130 3235
19990131 3103
19990201 2953
19990202 2794
19990203 2636
19990204 2492
19990205 2368
19990206 2265
19990207 2179
19990208 2108
19990209 2049
19990210 1998
19990211 1953
19990212 1912
19990213 1874
19990214 1839
19990215 1807
19990216 1779
19990217 1755
19990218 1734
19990219 1718
19990220 1705
19990221 1693
19990222 1684
19990223 1675
19990224 1665
19990225 1654
19990226 1642
19990227 1628
19990228 1612
19990301 1596
19990302 1579
19990303 1562
19990304 1545
19990305 1530
19990306 1514
19990307 1499
19990308 1485
19990309 1472
19990310 1458
19990311 1446
19990312 1433
19990313 1421
19990314 1410
19990315 1400
19990316 1391
19990317 1384
19990318 1378
19990319 1375
19990320 1373
19990321 1372
19990322 1372
19990323 1372
19990324 1372
19990325 1370
19990326 1368
19990327 1364
19990328 1357
19990329 1349
19990330 1338
19990331 1324
19990401 1307
19990402 1286
19990403 1264
19990404 1240
19990405 1217
19990406 1196
19990407 1178
19990408 1164
19990409 1155
19990410 1150
19990411 1150
