20050208 1197
20050209 1240
20050210 1290
20050211 1345
20050212 1405
20050213 1470
20050214 1537
20050215 1606
20050216 1676
20050217 1745
20050218 1812
20050219 1877
20050220 1939
20050221 1999
20050222 2057
20050223 2111
20050224 2163
20050225 2210
20050226 2254
20050227 2293
20050228 2327
20050301 2354
20050302 2375
20050303 2389
20050304 2394
20050305 2391
20050306 2381
20050307 2363
20050308 2338
20050309 2305
20050310 2266
20050311 2219
20050312 2169
20050313 2117
20050314 2066
20050315 2019
20050316 1980
20050317 1950
20050318 1931
20050319 1920
20050320 1913
20050321 1906
20050322 1894
20050323 1873
20050324 1840
20050325 1790
20050326 1727
20050327 1654
20050328 1577
20050329 1498
20050330 1421
20050331 1352
20050401 1292
20050402 1241
20050403 1198
