20070120 1060
20070121 1074
20070122 1088
20070123 1099
20070124 1108
20070125 1114
20070126 1115
20070127 1115
20070128 1116
20070129 1121
20070130 1133
20070131 1153
20070201 1186
20070202 1232
20070203 1289
20070204 1355
20070205 1426
20070206 1500
20070207 1573
20070208 1642
20070209 1704
20070210 1761
20070211 1812
20070212 1860
20070213 1904
20070214 1946
20070215 1988
20070216 2028
20070217 2068
20070218 2107
20070219 2145
20070220 2180
20070221 2213
20070222 2244
20070223 2270
20070224 2294
20070225 2314
20070226 2330
20070227 2343
20070228 2351
20070301 2356
20070302 2356
20070303 2352
20070304 2344
20070305 2332
20070306 2317
20070307 2298
20070308 2277
20070309 2252
20070310 2224
20070311 2193
20070312 2160
20070313 2125
20070314 2088
20070315 2049
20070316 2007
20070317 1964
20070318 1919
20070319 1871
20070320 1819
20070321 1765
20070322 1708
20070323 1646
20070324 1583
20070325 1519
20070326 1456
20070327 1396
20070328 1340
20070329 1290
20070330 1246
20070331 1209
20070401 1177
20070402 1148
20070403 1121
20070404 1095
20070405 1069
