20091022 1246
20091023 1255
20091024 1264
20091025 1273
20091026 1286
20091027 1306
20091028 1335
20091029 1375
20091030 1429
20091031 1496
20091101 1572
20091102 1657
20091103 1749
20091104 1845
20091105 1944
20091106 2043
20091107 2143
20091108 2242
20091109 2341
20091110 2437
20091111 2531
20091112 2623
20091113 2710
20091114 2792
20091115 2869
20091116 2937
20091117 2997
20091118 3047
20091119 3085
20091120 3111
20091121 3124
20091122 3124
20091123 3112
20091124 3085
20091125 3046
20091126 2993
20091127 2928
20091128 2852
20091129 2768
20091130 2680
20091201 2591
20091202 2503
20091203 2420
20091204 2343
20091205 2273
20091206 2208
20091207 2149
20091208 2092
20091209 2039
20091210 1987
20091211 1935
20091212 1885
20091213 1836
20091214 1787
20091215 1740
20091216 1695
20091217 1652
20091218 1610
20091219 1570
20091220 1532
20091221 1496
20091222 1461
20091223 1429
20091224 1399
20091225 1370
20091226 1344
20091227 1320
20091228 1299
20091229 1281
20091230 1266
20091231 1255
20100101 1249
