19961227 1272
19961228 1279
19961229 1292
19961230 1313
19961231 1339
19970101 1369
19970102 1404
19970103 1440
19970104 1480
19970105 1522
19970106 1565
19970107 1612
19970108 1660
19970109 1710
19970110 1761
19970111 1814
19970112 1868
19970113 1922
19970114 1977
19970115 2032
19970116 2086
19970117 2139
19970118 2191
19970119 2241
19970120 2291
19970121 2339
19970122 2386
19970123 2431
19970124 2473
19970125 2513
19970126 2549
19970127 2579
19970128 2601
19970129 2616
19970130 2621
19970131 2615
19970201 2598
19970202 2573
19970203 2538
19970204 2494
19970205 2443
19970206 2384
19970207 2320
19970208 2251
19970209 2181
19970210 2111
19970211 2045
19970212 1984
19970213 1931
19970214 1889
19970215 1855
19970216 1829
19970217 1808
19970218 1792
19970219 1777
19970220 1762
19970221 1747
19970222 1731
19970223 1714
19970224 1696
19970225 1677
19970226 1658
19970227 1638
19970228 1619
19970301 1599
19970302 1579
19970303 1560
19970304 1540
19970305 1521
19970306 1501
19970307 1483
19970308 1464
19970309 1446
19970310 1428
19970311 1409
19970312 1391
19970313 1372
19970314 1354
19970315 1335
19970316 1317
19970317 1301
19970318 1285
19970319 1272
