20080208 1237
20080209 1250
20080210 1263
20080211 1278
20080212 1296
20080213 1317
20080214 1343
20080215 1373
20080216 1407
20080217 1444
20080218 1482
20080219 1520
20080220 1556
20080221 1590
20080222 1619
20080223 1645
20080224 1668
20080225 1689
20080226 1707
20080227 1723
20080228 1739
20080229 1753
20080301 1767
20080302 1781
20080303 1794
20080304 1808
20080305 1821
20080306 1836
20080307 1850
20080308 1865
20080309 1880
20080310 1894
20080311 1907
20080312 1918
20080313 1929
20080314 1936
20080315 1941
20080316 1943
20080317 1940
20080318 1933
20080319 1920
20080320 1901
20080321 1875
20080322 1843
20080323 1808
20080324 1770
20080325 1730
20080326 1690
20080327 1652
20080328 1615
20080329 1582
20080330 1551
20080331 1524
20080401 1499
20080402 1477
20080403 1459
20080404 1443
20080405 1430
20080406 1421
20080407 1414
20080408 1409
20080409 1408
