20130104 1450
20130105 1451
20130106 1453
20130107 1455
20130108 1459
20130109 1462
20130110 1466
20130111 1468
20130112 1470
20130113 1472
20130114 1475
20130115 1479
20130116 1484
20130117 1491
20130118 1499
20130119 1511
20130120 1525
20130121 1543
20130122 1565
20130123 1591
20130124 1622
20130125 1657
20130126 1696
20130127 1740
20130128 1786
20130129 1835
20130130 1885
20130131 1937
20130201 1988
20130202 2038
20130203 2086
20130204 2129
20130205 2165
20130206 2194
20130207 2213
20130208 2221
20130209 2221
20130210 2215
20130211 2206
20130212 2198
20130213 2192
20130214 2193
20130215 2200
20130216 2215
20130217 2234
20130218 2255
20130219 2276
20130220 2295
20130221 2311
20130222 2320
20130223 2324
20130224 2323
20130225 2318
20130226 2310
20130227 2300
20130228 2288
20130301 2274
20130302 2260
20130303 2245
20130304 2229
20130305 2212
20130306 2195
20130307 2177
20130308 2158
20130309 2138
20130310 2118
20130311 2097
20130312 2075
20130313 2052
20130314 2029
20130315 2003
20130316 1976
20130317 1947
20130318 1914
20130319 1876
20130320 1834
20130321 1786
20130322 1731
20130323 1672
20130324 1612
20130325 1552
20130326 1495
