19891220 1643
19891221 1643
19891222 1645
19891223 1648
19891224 1654
19891225 1664
19891226 1678
19891227 1697
19891228 1721
19891229 1753
19891230 1790
19891231 1834
19900101 1882
19900102 1936
19900103 1994
19900104 2055
19900105 2121
19900106 2189
19900107 2259
19900108 2331
19900109 2403
19900110 2475
19900111 2546
19900112 2616
19900113 2684
19900114 2750
19900115 2813
19900116 2875
19900117 2934
19900118 2989
19900119 3043
19900120 3094
19900121 3143
19900122 3192
19900123 3240
19900124 3289
19900125 3339
19900126 3391
19900127 3443
19900128 3493
19900129 3540
19900130 3581
19900131 3615
19900201 3640
19900202 3654
19900203 3657
19900204 3650
19900205 3633
19900206 3605
19900207 3568
19900208 3522
19900209 3466
19900210 3403
19900211 3334
19900212 3262
19900213 3189
19900214 3115
19900215 3044
19900216 2976
19900217 2911
19900218 2850
19900219 2791
19900220 2735
19900221 2681
19900222 2628
19900223 2576
19900224 2525
19900225 2475
19900226 2426
19900227 2379
19900228 2333
19900301 2289
19900302 2245
19900303 2203
19900304 2162
19900305 2122
19900306 2083
19900307 2045
19900308 2008
19900309 1970
19900310 1934
19900311 1898
19900312 1863
19900313 1829
19900314 1795
19900315 1763
19900316 1731
19900317 1700
19900318 1670
