19940115 1249
19940116 1253
19940117 1260
19940118 1272
19940119 1289
19940120 1311
19940121 1339
19940122 1373
19940123 1414
19940124 1464
19940125 1523
19940126 1594
19940127 1676
19940128 1772
19940129 1879
19940130 1999
19940131 2128
19940201 2267
19940202 2415
19940203 2571
19940204 2734
19940205 2898
19940206 3058
19940207 3209
19940208 3346
19940209 3463
19940210 3554
19940211 3617
19940212 3653
19940213 3666
19940214 3660
19940215 3639
19940216 3608
19940217 3569
19940218 3528
19940219 3482
19940220 3433
19940221 3379
19940222 3321
19940223 3257
19940224 3187
19940225 3112
19940226 3031
19940227 2946
19940228 2858
19940301 2767
19940302 2676
19940303 2585
19940304 2496
19940305 2406
19940306 2316
19940307 2226
19940308 2134
19940309 2039
19940310 1941
19940311 1841
19940312 1738
19940313 1636
19940314 1536
19940315 1442
19940316 1355
19940317 1276
