19950130 1176
19950131 1193
19950201 1212
19950202 1234
19950203 1261
19950204 1291
19950205 1326
19950206 1365
19950207 1408
19950208 1456
19950209 1508
19950210 1563
19950211 1624
19950212 1689
19950213 1760
19950214 1836
19950215 1919
19950216 2008
19950217 2104
19950218 2206
19950219 2311
19950220 2419
19950221 2528
19950222 2636
19950223 2742
19950224 2844
19950225 2940
19950226 3030
19950227 3112
19950228 3183
19950301 3243
19950302 3290
19950303 3322
19950304 3340
19950305 3344
19950306 3335
19950307 3314
19950308 3282
19950309 3238
19950310 3183
19950311 3122
19950312 3056
19950313 2989
19950314 2924
19950315 2865
19950316 2814
19950317 2774
19950318 2741
19950319 2710
19950320 2676
19950321 2635
19950322 2581
19950323 2510
19950324 2420
19950325 2313
19950326 2195
19950327 2072
19950328 1949
19950329 1832
19950330 1726
19950331 1636
19950401 1560
19950402 1496
19950403 1439
19950404 1389
19950405 1341
19950406 1293
19950407 1242
19950408 1191
