20090217 1244
20090218 1273
20090219 1302
20090220 1331
20090221 1361
20090222 1391
20090223 1421
20090224 1452
20090225 1482
20090226 1514
20090227 1545
20090228 1576
20090301 1608
20090302 1640
20090303 1672
20090304 1705
20090305 1738
20090306 1771
20090307 1804
20090308 1837
20090309 1870
20090310 1902
20090311 1932
20090312 1962
20090313 1989
20090314 2014
20090315 2036
20090316 2054
20090317 2067
20090318 2074
20090319 2076
20090320 2070
20090321 2059
20090322 2044
20090323 2028
20090324 2010
20090325 1994
20090326 1981
20090327 1971
20090328 1962
20090329 1953
20090330 1939
20090331 1919
20090401 1888
20090402 1845
20090403 1787
20090404 1718
20090405 1644
20090406 1568
20090407 1495
20090408 1431
20090409 1380
20090410 1345
20090411 1324
20090412 1315
20090413 1314
