19890115 1937
19890116 1938
19890117 1941
19890118 1947
19890119 1956
19890120 1967
19890121 1983
19890122 2008
19890123 2043
19890124 2092
19890125 2157
19890126 2242
19890127 2347
19890128 2472
19890129 2614
19890130 2771
19890131 2939
19890201 3117
19890202 3301
19890203 3490
19890204 3681
19890205 3871
19890206 4058
19890207 4240
19890208 4414
19890209 4578
19890210 4731
19890211 4868
19890212 4988
19890213 5090
19890214 5169
19890215 5226
19890216 5255
19890217 5258
19890218 5235
19890219 5188
19890220 5120
19890221 5033
19890222 4931
19890223 4814
19890224 4687
19890225 4550
19890226 4404
19890227 4251
19890228 4093
19890301 3932
19890302 3767
19890303 3602
19890304 3437
19890305 3271
19890306 3107
19890307 2945
19890308 2785
19890309 2628
19890310 2475
19890311 2328
19890312 2190
19890313 2064
19890314 1952
