20101230 1470
20101231 1472
20110101 1476
20110102 1483
20110103 1493
20110104 1505
20110105 1518
20110106 1533
20110107 1550
20110108 1569
20110109 1591
20110110 1615
20110111 1643
20110112 1676
20110113 1714
20110114 1757
20110115 1806
20110116 1863
20110117 1928
20110118 2002
20110119 2085
20110120 2180
20110121 2285
20110122 2400
20110123 2524
20110124 2654
20110125 2789
20110126 2928
20110127 3067
20110128 3207
20110129 3341
20110130 3465
20110131 3574
20110201 3662
20110202 3725
20110203 3756
20110204 3754
20110205 3722
20110206 3664
20110207 3585
20110208 3492
20110209 3389
20110210 3280
20110211 3172
20110212 3064
20110213 2959
20110214 2855
20110215 2754
20110216 2656
20110217 2562
20110218 2473
20110219 2388
20110220 2307
20110221 2230
20110222 2157
20110223 2086
20110224 2018
20110225 1954
20110226 1892
20110227 1833
20110228 1777
20110301 1725
20110302 1677
20110303 1632
20110304 1592
20110305 1555
20110306 1521
20110307 1488
