20031115 3052
20031116 3096
20031117 3162
20031118 3256
20031119 3385
20031120 3552
20031121 3765
20031122 4019
20031123 4313
20031124 4643
20031125 5005
20031126 5396
20031127 5813
20031128 6251
20031129 6698
20031130 7142
20031201 7568
20031202 7963
20031203 8315
20031204 8611
20031205 8839
20031206 9004
20031207 9110
20031208 9166
20031209 9175
20031210 9146
20031211 9083
20031212 8991
20031213 8869
20031214 8716
20031215 8528
20031216 8304
20031217 8041
20031218 7736
20031219 7389
20031220 7011
20031221 6613
20031222 6209
20031223 5809
20031224 5427
20031225 5075
20031226 4761
20031227 4485
20031228 4243
20031229 4030
20031230 3841
20031231 3673
20040101 3521
20040102 3383
20040103 3256
20040104 3141
