19861028 6920
19861029 7106
19861030 7332
19861031 7604
19861101 7917
19861102 8266
19861103 8646
19861104 9050
19861105 9474
19861106 9913
19861107 10361
19861108 10822
19861109 11300
19861110 11798
19861111 12320
19861112 12871
19861113 13453
19861114 14068
19861115 14696
19861116 15313
19861117 15898
19861118 16427
19861119 16876
19861120 17224
19861121 17451
19861122 17563
19861123 17568
19861124 17476
19861125 17296
19861126 17037
19861127 16708
19861128 16321
19861129 15888
19861130 15424
19861201 14944
19861202 14463
19861203 13995
19861204 13555
19861205 13156
19861206 12794
19861207 12466
19861208 12167
19861209 11893
19861210 11638
19861211 11399
19861212 11172
19861213 10954
19861214 10745
19861215 10544
19861216 10348
19861217 10158
19861218 9972
19861219 9790
19861220 9616
19861221 9453
19861222 9306
19861223 9180
19861224 9078
19861225 9006
19861226 8965
19861227 8953
19861228 8966
19861229 8997
19861230 9043
19861231 9098
19870101 9157
19870102 9218
19870103 9278
19870104 9337
19870105 9395
19870106 9452
19870107 9508
19870108 9561
19870109 9612
19870110 9651
19870111 9669
19870112 9657
19870113 9605
19870114 9505
19870115 9347
19870116 9127
19870117 8862
19870118 8575
19870119 8287
19870120 8021
19870121 7800
19870122 7646
19870123 7575
19870124 7573
