20060127 2926
20060128 2962
20060129 2996
20060130 3027
20060131 3056
20060201 3084
20060202 3109
20060203 3134
20060204 3158
20060205 3180
20060206 3202
20060207 3223
20060208 3243
20060209 3263
20060210 3284
20060211 3306
20060212 3332
20060213 3365
20060214 3406
20060215 3459
20060216 3523
20060217 3603
20060218 3693
20060219 3791
20060220 3893
20060221 3996
20060222 4095
20060223 4186
20060224 4269
20060225 4344
20060226 4415
20060227 4488
20060228 4565
20060301 4651
20060302 4749
20060303 4862
20060304 4988
20060305 5125
20060306 5271
20060307 5421
20060308 5574
20060309 5727
20060310 5879
20060311 6030
20060312 6184
20060313 6344
20060314 6513
20060315 6694
20060316 6889
20060317 7100
20060318 7315
20060319 7521
20060320 7706
20060321 7857
20060322 7959
20060323 8002
20060324 7974
20060325 7887
20060326 7754
20060327 7589
20060328 7406
20060329 7218
20060330 7039
20060331 6881
20060401 6738
20060402 6602
20060403 6466
20060404 6321
20060405 6159
20060406 5973
20060407 5756
20060408 5517
20060409 5265
20060410 5008
20060411 4759
20060412 4525
20060413 4317
20060414 4141
20060415 3996
20060416 3874
20060417 3772
20060418 3683
20060419 3601
20060420 3521
20060421 3440
20060422 3356
20060423 3273
20060424 3192
20060425 3115
20060426 3044
20060427 2980
20060428 2926
