20110115 4386
20110116 4469
20110117 4571
20110118 4697
20110119 4849
20110120 5031
20110121 5245
20110122 5492
20110123 5772
20110124 6085
20110125 6431
20110126 6810
20110127 7222
20110128 7663
20110129 8119
20110130 8570
20110131 8996
20110201 9380
20110202 9701
20110203 9941
20110204 10085
20110205 10142
20110206 10125
20110207 10045
20110208 9915
20110209 9748
20110210 9558
20110211 9354
20110212 9145
20110213 8936
20110214 8733
20110215 8543
20110216 8370
20110217 8221
20110218 8099
20110219 7999
20110220 7915
20110221 7839
20110222 7763
20110223 7680
20110224 7584
20110225 7467
20110226 7334
20110227 7187
20110228 7031
20110301 6869
20110302 6707
20110303 6547
20110304 6392
20110305 6244
20110306 6101
20110307 5963
20110308 5829
20110309 5698
20110310 5570
20110311 5443
20110312 5320
20110313 5198
20110314 5080
20110315 4964
20110316 4852
20110317 4744
20110318 4639
20110319 4539
20110320 4446
