19910126 6099
19910127 6321
19910128 6581
19910129 6872
19910130 7190
19910131 7530
19910201 7887
19910202 8272
19910203 8695
19910204 9169
19910205 9704
19910206 10313
19910207 11008
19910208 11794
19910209 12660
19910210 13588
19910211 14562
19910212 15565
19910213 16580
19910214 17589
19910215 18572
19910216 19501
19910217 20343
19910218 21065
19910219 21635
19910220 22020
19910221 22189
19910222 22120
19910223 21843
19910224 21400
19910225 20831
19910226 20178
19910227 19483
19910228 18787
19910301 18122
19910302 17490
19910303 16882
19910304 16290
19910305 15708
19910306 15126
19910307 14537
19910308 13935
19910309 13329
19910310 12726
19910311 12138
19910312 11573
19910313 11040
19910314 10551
19910315 10109
19910316 9709
19910317 9339
19910318 8988
19910319 8645
19910320 8299
19910321 7939
19910322 7558
19910323 7167
19910324 6782
19910325 6419
