19970111 3369
19970112 3556
19970113 3788
19970114 4072
19970115 4415
19970116 4825
19970117 5306
19970118 5845
19970119 6426
19970120 7034
19970121 7653
19970122 8268
19970123 8862
19970124 9420
19970125 9931
19970126 10385
19970127 10772
19970128 11080
19970129 11301
19970130 11423
19970131 11439
19970201 11359
19970202 11196
19970203 10961
19970204 10669
19970205 10331
19970206 9961
19970207 9569
19970208 9166
19970209 8757
19970210 8352
19970211 7956
19970212 7579
19970213 7227
19970214 6905
19970215 6613
19970216 6347
19970217 6101
19970218 5873
19970219 5659
19970220 5455
19970221 5257
19970222 5065
19970223 4880
19970224 4701
19970225 4529
19970226 4364
19970227 4206
19970228 4056
19970301 3913
19970302 3777
19970303 3647
19970304 3525
19970305 3410
