20090203 4118
20090204 4223
20090205 4326
20090206 4421
20090207 4512
20090208 4599
20090209 4684
20090210 4770
20090211 4858
20090212 4951
20090213 5049
20090214 5152
20090215 5259
20090216 5369
20090217 5482
20090218 5595
20090219 5709
20090220 5821
20090221 5932
20090222 6042
20090223 6150
20090224 6256
20090225 6359
20090226 6459
20090227 6556
20090228 6646
20090301 6723
20090302 6784
20090303 6824
20090304 6838
20090305 6821
20090306 6773
20090307 6702
20090308 6620
20090309 6538
20090310 6469
20090311 6424
20090312 6415
20090313 6450
20090314 6516
20090315 6596
20090316 6675
20090317 6736
20090318 6762
20090319 6736
20090320 6649
20090321 6510
20090322 6335
20090323 6141
20090324 5945
20090325 5762
20090326 5609
20090327 5496
20090328 5419
20090329 5365
20090330 5324
20090331 5285
20090401 5236
20090402 5167
20090403 5069
20090404 4949
20090405 4819
20090406 4687
20090407 4564
20090408 4459
20090409 4385
20090410 4346
20090411 4339
