19880110 6950
19880111 6970
19880112 7015
19880113 7095
19880114 7219
19880115 7397
19880116 7630
19880117 7918
19880118 8260
19880119 8659
19880120 9113
19880121 9622
19880122 10191
19880123 10830
19880124 11556
19880125 12382
19880126 13324
19880127 14396
19880128 15613
19880129 16975
19880130 18413
19880131 19843
19880201 21182
19880202 22345
19880203 23250
19880204 23810
19880205 23969
19880206 23765
19880207 23261
19880208 22523
19880209 21613
19880210 20597
19880211 19538
19880212 18492
19880213 17478
19880214 16506
19880215 15589
19880216 14736
19880217 13959
19880218 13267
19880219 12670
19880220 12156
19880221 11714
19880222 11330
19880223 10993
19880224 10688
19880225 10402
19880226 10127
19880227 9862
19880228 9610
19880229 9374
19880301 9158
19880302 8964
19880303 8795
19880304 8654
19880305 8539
19880306 8445
19880307 8371
19880308 8313
19880309 8268
19880310 8233
19880311 8206
19880312 8182
19880313 8160
19880314 8138
19880315 8113
19880316 8082
19880317 8042
19880318 7994
19880319 7935
19880320 7869
19880321 7795
19880322 7716
19880323 7633
19880324 7545
19880325 7456
19880326 7367
19880327 7279
19880328 7194
19880329 7114
19880330 7040
19880331 6974
