20091004 4346
20091005 4386
20091006 4426
20091007 4464
20091008 4498
20091009 4526
20091010 4549
20091011 4569
20091012 4587
20091013 4604
20091014 4623
20091015 4644
20091016 4668
20091017 4697
20091018 4731
20091019 4771
20091020 4816
20091021 4869
20091022 4930
20091023 4998
20091024 5073
20091025 5154
20091026 5241
20091027 5331
20091028 5425
20091029 5521
20091030 5617
20091031 5715
20091101 5815
20091102 5915
20091103 6018
20091104 6122
20091105 6227
20091106 6337
20091107 6458
20091108 6599
20091109 6771
20091110 6983
20091111 7244
20091112 7564
20091113 7945
20091114 8365
20091115 8796
20091116 9208
20091117 9571
20091118 9857
20091119 10038
20091120 10091
20091121 10029
20091122 9874
20091123 9646
20091124 9366
20091125 9055
20091126 8734
20091127 8419
20091128 8115
20091129 7822
20091130 7542
20091201 7274
20091202 7019
20091203 6778
20091204 6550
20091205 6337
20091206 6136
20091207 5947
20091208 5770
20091209 5604
20091210 5448
20091211 5301
20091212 5165
20091213 5038
20091214 4923
20091215 4818
20091216 4725
20091217 4644
20091218 4574
20091219 4514
20091220 4460
20091221 4411
20091222 4363
