20080120 3629
20080121 3705
20080122 3787
20080123 3872
20080124 3960
20080125 4048
20080126 4140
20080127 4237
20080128 4341
20080129 4455
20080130 4580
20080131 4719
20080201 4872
20080202 5033
20080203 5195
20080204 5351
20080205 5491
20080206 5610
20080207 5699
20080208 5753
20080209 5779
20080210 5789
20080211 5792
20080212 5798
20080213 5817
20080214 5860
20080215 5933
20080216 6024
20080217 6117
20080218 6196
20080219 6245
20080220 6249
20080221 6191
20080222 6064
20080223 5885
20080224 5682
20080225 5482
20080226 5310
20080227 5193
20080228 5159
20080229 5222
20080301 5359
20080302 5536
20080303 5718
20080304 5870
20080305 5959
20080306 5949
20080307 5819
20080308 5592
20080309 5304
20080310 4992
20080311 4691
20080312 4438
20080313 4267
20080314 4206
20080315 4238
20080316 4336
20080317 4474
20080318 4626
20080319 4765
20080320 4865
20080321 4906
20080322 4895
20080323 4844
20080324 4765
20080325 4674
20080326 4581
20080327 4500
20080328 4442
20080329 4403
20080330 4378
20080331 4361
20080401 4347
20080402 4329
20080403 4303
20080404 4265
20080405 4219
20080406 4170
20080407 4125
20080408 4090
20080409 4071
