19950119 2958
19950120 3023
19950121 3079
19950122 3128
19950123 3173
19950124 3216
19950125 3258
19950126 3302
19950127 3349
19950128 3400
19950129 3454
19950130 3512
19950131 3572
19950201 3636
19950202 3701
19950203 3770
19950204 3841
19950205 3914
19950206 3991
19950207 4071
19950208 4155
19950209 4243
19950210 4334
19950211 4431
19950212 4532
19950213 4639
19950214 4751
19950215 4870
19950216 4996
19950217 5128
19950218 5263
19950219 5399
19950220 5531
19950221 5656
19950222 5770
19950223 5869
19950224 5953
19950225 6023
19950226 6086
19950227 6146
19950228 6209
19950301 6279
19950302 6362
19950303 6460
19950304 6573
19950305 6697
19950306 6828
19950307 6962
19950308 7097
19950309 7229
19950310 7354
19950311 7473
19950312 7588
19950313 7699
19950314 7807
19950315 7914
19950316 8019
19950317 8124
19950318 8220
19950319 8300
19950320 8355
19950321 8376
19950322 8355
19950323 8284
19950324 8157
19950325 7982
19950326 7771
19950327 7534
19950328 7283
19950329 7029
19950330 6783
19950331 6555
19950401 6345
19950402 6153
19950403 5978
19950404 5819
19950405 5675
19950406 5546
19950407 5429
19950408 5322
19950409 5220
19950410 5119
19950411 5015
19950412 4903
19950413 4780
19950414 4641
19950415 4491
19950416 4333
19950417 4173
19950418 4015
19950419 3862
19950420 3719
19950421 3591
19950422 3473
19950423 3363
19950424 3257
19950425 3151
19950426 3041
